9.288513 9.174448 1367.740000
9.288155 9.172105 7.916975
9.287213 9.172464 1.778379
9.288769 9.172630 1.098094
9.290705 9.173506 4.028152
9.287312 9.173723 0.798907
9.287758 9.173984 1.702328
9.286885 9.174204 2.733818
9.286637 9.174656 6.931665
9.286769 9.174614 1.513340
9.287083 9.174704 0.349616
9.286370 9.174765 0.451760
9.286849 9.174862 0.632935
9.290145 9.175178 6.792853
9.286697 9.175005 0.956479
9.287231 9.174990 0.872838
9.285833 9.175151 1.235491
9.285909 9.175292 2.968714
9.286188 9.175207 0.865420
9.287095 9.175580 1.024786
9.286344 9.175498 2.465846
9.287932 9.176124 11.078310
9.287857 9.176378 7.149582
9.290066 9.175930 0.349246
9.288030 9.176247 4.630584
9.287062 9.176344 4.205394
9.287792 9.176488 5.064983
9.287045 9.176437 2.232363
9.289281 9.177031 0.393416
